-0.58
-0.24
 0.20
 0.01
-0.07
-0.02
-0.11
 0.11
-0.20
-0.10
-0.15
-0.37
-0.21
 0.25
 0.43
 0.57
 0.26
 0.19
 0.22
 0.02
-0.12
-0.30
-0.48
-0.21
 0.21
 0.16
 0.21
 0.57
 0.93
 0.60
 0.48
-0.03
-0.03
 0.35
 0.70
 0.37
 0.19
 0.28
 0.09
 0.30
 0.42
 0.76
 0.66
 0.29
-0.05
 0.05
 0.21
 0.12
 0.09
-0.08
-0.19
-0.08
 0.06
-0.10
-0.58
-0.66
-0.39
-0.39
-0.44
-0.23
-0.01
 0.10
-0.16
-0.29
-0.43
-0.27
-0.46
-0.15
-0.38
-0.24
-0.13
-0.18
 0.08
 0.33
 0.25
 0.16
 0.19
 0.12
 0.09
 0.21
 0.30
 0.34
 0.36
 0.31
 0.61
 0.45
 0.11
-0.13
 0.33
 0.53
 0.21
 0.44
 0.33
 0.03
 0.03
 0.13
 0.27
 0.29
 0.29
 0.47
 0.12
 0.15
 0.06
 0.20
 0.22
-0.05
 0.09
 0.46
 0.53
 0.28
 0.46
 0.42
 0.53
 0.26
 0.15
 0.09
-0.42
-0.40
 0.05
 0.41
 0.03
-0.10
-0.14
 0.00
-0.05
-0.05
-0.10
-0.10
-0.13
 0.09
 0.19
-0.05
 0.11
 0.03
-0.02
-0.22
-0.12
 0.27
 0.28
 0.03
-0.36
-0.55
-0.19
 0.17
 0.23
 0.16
 0.33
 0.24
 0.05
 0.02
-0.07
-0.11
-0.07
-0.08
-0.18
-0.27
-0.18
 0.04
 0.10
 0.03
 0.37
 0.58
 0.53
 0.54
 0.07
-0.20
-0.12
-0.15
-0.09
-0.30
-0.22
-0.07
-0.31
 0.00
 0.19
 0.04
-0.19
-0.13
 0.26
 0.12
-0.14
-0.10
-0.17
 0.05
 0.49
 0.39
 0.45
-0.05
-0.01
 0.13
 0.23
 0.10
-0.68
-0.52
-0.14
-0.01
 0.22
 0.50
 0.14
 0.04
-0.10
-0.09
 0.03
 0.31
 0.69
 0.44
 0.35
 0.34
 0.56
 0.77
 0.81
 0.65
 0.31
 0.54
 0.38
 0.31
 0.06
-0.18
 0.00
 0.07
 0.34
 0.32
-0.13
-0.38
-0.04
-0.14
-0.18
 0.12
 0.19
 0.15
 0.00
-0.25
-0.19
 0.34
 0.17
 0.07
 0.01
-0.20
 0.05
-0.01
 0.00
 0.10
 0.13
 0.06
-0.01
-0.28
-0.31
-0.45
-0.42
-0.22
-0.54
-0.55
-0.53
-0.26
-0.17
-0.05
-0.20
 0.04
 0.52
 0.40
 0.34
 0.02
 0.10
-0.09
 0.10
 0.56
 0.63
 0.26
-0.14
-0.09
-0.08
 0.04
-0.13
-0.27
 0.02
 0.23
 0.21
-0.24
-0.73
-0.86
-0.47
-0.23
-0.05
 0.17
 0.38
 0.39
 0.27
-0.21
-0.36
-0.12
-0.27
-0.50
-0.89
-0.28
 0.36
 0.27
 0.05
 0.07
 0.29
-0.01
-0.35
-0.29
-0.11
 0.13
 0.15
 0.05
 0.17
 0.39
 0.28
 0.15
 0.00
-0.52
-0.59
-0.55
-0.21
-0.19
 0.01
 0.16
-0.25
-0.11
-0.02
 0.02
-0.26
-0.58
-0.84
-0.47
-0.30
-0.30
-0.37
-0.20
 0.19
 0.25
 0.20
 0.02
-0.14
-0.50
-0.68
-0.78
-0.56
-0.40
-0.09
-0.10
-0.14
-0.47
-0.40
-0.48
-0.76
-0.66
-0.48
-0.28
-0.06
-0.01
 0.34
 0.20
 0.21
-0.05
-0.15
-0.10
-0.14
-0.60
-0.64
-0.89
-0.58
 0.05
-0.01
-0.29
-0.32
-0.55
-0.30
-0.22
-0.09
 0.19
 0.36
 0.47
 0.37
 0.44
 0.42
 0.23
-0.13
-0.09
-0.18
-0.11
-0.35
-0.37
-0.19
 0.36
 0.17
-0.32
-0.62
-0.39
-0.07
 0.04
-0.06
-0.10
-0.18
-0.43
-0.22
 0.08
 0.33
 0.72
 0.70
 0.68
 0.31
 0.01
 0.14
 0.28
 0.31
 0.17
 0.28
 0.00
-0.21
-0.35
-0.67
-0.55
-0.04
 0.14
 0.24
 0.58
 0.44
 0.31
 0.10
 0.11
 0.06
 0.03
 0.19
 0.70
 0.20
-0.14
-0.28
-0.33
-0.16
-0.19
-0.20
-0.21
 0.30
 0.35
-0.04
-0.25
 0.12
 0.01
-0.19
 0.01
 0.24
 0.29
 0.10
 0.17
 0.13
 0.05
 0.10
-0.05
 0.18
-0.01
-0.06
-0.17
-0.22
-0.28
 0.06
 0.13
 0.14
 0.14
-0.06
-0.12
-0.08
 0.20
 0.39
 0.35
 0.18
 0.21
 0.15
 0.02
 0.00
 0.02
 0.03
 0.33
 0.01
-0.15
-0.26
-0.55
-0.98
-0.83
-0.60
-0.54
-0.46
-0.33
-0.22
-0.48
-0.12
 0.14
 0.07
 0.53
 0.47
 0.11
 0.11
 0.12
 0.06
 0.02
-0.28
-0.14
 0.30
 0.45
